# Blender v2.90.1 OBJ File: ''
# www.blender.org
mtllib CRYSTAL2.mtl
o Cube.004
v 1.225625 0.788437 -0.436488
v 1.225625 -2.010933 -0.436488
v 1.225625 0.788437 2.362882
v 1.225625 -2.010933 2.362882
v -1.573745 0.788437 -0.436488
v -1.573745 -2.010933 -0.436488
v -1.573745 0.788437 2.362882
v -1.573745 -2.010933 2.362882
v 1.225625 0.788437 2.362882
v -1.573745 0.788437 2.362882
v 1.225625 0.788437 -0.436488
v -1.573745 0.788437 -0.436488
vt 0.625000 1.000000
vt 0.625000 0.750000
vt 0.625000 0.750000
vt 0.625000 1.000000
vt 0.375000 0.750000
vt 0.375000 1.000000
vt 0.375000 0.000000
vt 0.625000 0.000000
vt 0.625000 0.250000
vt 0.375000 0.250000
vt 0.125000 0.500000
vt 0.375000 0.500000
vt 0.125000 0.750000
vt 0.625000 0.500000
vt 0.625000 0.500000
vt 0.875000 0.500000
vt 0.875000 0.750000
vt 0.625000 0.000000
vt 0.625000 0.250000
vn 0.0000 0.0000 1.0000
vn -1.0000 0.0000 0.0000
vn 0.0000 -1.0000 0.0000
vn 1.0000 0.0000 0.0000
vn 0.0000 0.0000 -1.0000
vn 0.0000 1.0000 0.0000
usemtl Material
s off
f 7/1/1 3/2/1 9/3/1 10/4/1
f 4/5/1 3/2/1 7/1/1 8/6/1
f 8/7/2 7/8/2 5/9/2 6/10/2
f 6/11/3 2/12/3 4/5/3 8/13/3
f 2/12/4 1/14/4 3/2/4 4/5/4
f 6/10/5 5/9/5 1/14/5 2/12/5
f 11/15/6 12/16/6 10/17/6 9/3/6
f 5/9/1 7/8/1 10/18/1 12/19/1
f 3/2/1 1/14/1 11/15/1 9/3/1
f 1/14/1 5/9/1 12/19/1 11/15/1
o Cube.001_Cube.005
v 0.201243 2.830012 -2.511777
v 0.201243 0.030642 -2.511777
v 0.201243 2.830012 0.287593
v 0.201243 0.030642 0.287593
v -2.598127 2.830012 -2.511777
v -2.598127 0.030642 -2.511777
v -2.598127 2.830012 0.287593
v -2.598127 0.030642 0.287593
v 0.201243 2.830012 0.287593
v -2.598127 2.830012 0.287593
v 0.201243 2.830012 -2.511777
v -2.598127 2.830012 -2.511777
vt 0.625000 1.000000
vt 0.625000 0.750000
vt 0.625000 0.750000
vt 0.625000 1.000000
vt 0.375000 0.750000
vt 0.375000 1.000000
vt 0.375000 0.000000
vt 0.625000 0.000000
vt 0.625000 0.250000
vt 0.375000 0.250000
vt 0.125000 0.500000
vt 0.375000 0.500000
vt 0.125000 0.750000
vt 0.625000 0.500000
vt 0.625000 0.500000
vt 0.875000 0.500000
vt 0.875000 0.750000
vt 0.625000 0.000000
vt 0.625000 0.250000
vn 0.0000 0.0000 1.0000
vn -1.0000 0.0000 0.0000
vn 0.0000 -1.0000 0.0000
vn 1.0000 0.0000 0.0000
vn 0.0000 0.0000 -1.0000
vn 0.0000 1.0000 0.0000
usemtl Material
s off
f 19/20/7 15/21/7 21/22/7 22/23/7
f 16/24/7 15/21/7 19/20/7 20/25/7
f 20/26/8 19/27/8 17/28/8 18/29/8
f 18/30/9 14/31/9 16/24/9 20/32/9
f 14/31/10 13/33/10 15/21/10 16/24/10
f 18/29/11 17/28/11 13/33/11 14/31/11
f 23/34/12 24/35/12 22/36/12 21/22/12
f 17/28/7 19/27/7 22/37/7 24/38/7
f 15/21/7 13/33/7 23/34/7 21/22/7
f 13/33/7 17/28/7 24/38/7 23/34/7
o Cube.002_Cube.006
v 0.201243 2.830012 -2.511777
v 0.201243 0.030642 -2.511777
v 0.201243 2.830012 0.287593
v 0.201243 0.030642 0.287593
v -2.598127 2.830012 -2.511777
v -2.598127 0.030642 -2.511777
v -2.598127 2.830012 0.287593
v -2.598127 0.030642 0.287593
v 0.201243 2.830012 0.287593
v -2.598127 2.830012 0.287593
v 0.201243 2.830012 -2.511777
v -2.598127 2.830012 -2.511777
vt 0.625000 1.000000
vt 0.625000 0.750000
vt 0.625000 0.750000
vt 0.625000 1.000000
vt 0.375000 0.750000
vt 0.375000 1.000000
vt 0.375000 0.000000
vt 0.625000 0.000000
vt 0.625000 0.250000
vt 0.375000 0.250000
vt 0.125000 0.500000
vt 0.375000 0.500000
vt 0.125000 0.750000
vt 0.625000 0.500000
vt 0.625000 0.500000
vt 0.875000 0.500000
vt 0.875000 0.750000
vt 0.625000 0.000000
vt 0.625000 0.250000
vn 0.0000 0.0000 1.0000
vn -1.0000 0.0000 0.0000
vn 0.0000 -1.0000 0.0000
vn 1.0000 0.0000 0.0000
vn 0.0000 0.0000 -1.0000
vn 0.0000 1.0000 0.0000
usemtl Material
s off
f 31/39/13 27/40/13 33/41/13 34/42/13
f 28/43/13 27/40/13 31/39/13 32/44/13
f 32/45/14 31/46/14 29/47/14 30/48/14
f 30/49/15 26/50/15 28/43/15 32/51/15
f 26/50/16 25/52/16 27/40/16 28/43/16
f 30/48/17 29/47/17 25/52/17 26/50/17
f 35/53/18 36/54/18 34/55/18 33/41/18
f 29/47/13 31/46/13 34/56/13 36/57/13
f 27/40/13 25/52/13 35/53/13 33/41/13
f 25/52/13 29/47/13 36/57/13 35/53/13
o Cube.003_Cube.007
v 2.119984 -0.733467 1.697303
v 2.119984 -3.532837 1.697303
v 2.119984 -0.733467 4.496674
v 2.119984 -3.532837 4.496674
v -0.679386 -0.733467 1.697303
v -0.679386 -3.532837 1.697303
v -0.679386 -0.733467 4.496674
v -0.679386 -3.532837 4.496674
v 2.119984 -0.733467 4.496674
v -0.679386 -0.733467 4.496674
v 2.119984 -0.733467 1.697303
v -0.679386 -0.733467 1.697303
vt 0.625000 1.000000
vt 0.625000 0.750000
vt 0.625000 0.750000
vt 0.625000 1.000000
vt 0.375000 0.750000
vt 0.375000 1.000000
vt 0.375000 0.000000
vt 0.625000 0.000000
vt 0.625000 0.250000
vt 0.375000 0.250000
vt 0.125000 0.500000
vt 0.375000 0.500000
vt 0.125000 0.750000
vt 0.625000 0.500000
vt 0.625000 0.500000
vt 0.875000 0.500000
vt 0.875000 0.750000
vt 0.625000 0.000000
vt 0.625000 0.250000
vn 0.0000 0.0000 1.0000
vn -1.0000 0.0000 0.0000
vn 0.0000 -1.0000 0.0000
vn 1.0000 0.0000 0.0000
vn 0.0000 0.0000 -1.0000
vn 0.0000 1.0000 0.0000
usemtl Material
s off
f 43/58/19 39/59/19 45/60/19 46/61/19
f 40/62/19 39/59/19 43/58/19 44/63/19
f 44/64/20 43/65/20 41/66/20 42/67/20
f 42/68/21 38/69/21 40/62/21 44/70/21
f 38/69/22 37/71/22 39/59/22 40/62/22
f 42/67/23 41/66/23 37/71/23 38/69/23
f 47/72/24 48/73/24 46/74/24 45/60/24
f 41/66/19 43/65/19 46/75/19 48/76/19
f 39/59/19 37/71/19 47/72/19 45/60/19
f 37/71/19 41/66/19 48/76/19 47/72/19
o Cube.005_Cube.008
v 2.627398 -1.711706 -1.263817
v 2.627398 -5.709742 -1.263817
v 2.627398 -1.711706 2.734219
v 2.627398 -5.709742 2.734219
v -1.370637 -1.711706 -1.263817
v -1.370637 -5.709742 -1.263817
v -1.370637 -1.711706 2.734219
v -1.370637 -5.709742 2.734219
v 2.627398 -1.711706 2.734219
v -1.370637 -1.711706 2.734219
v 2.627398 -1.711706 -1.263817
v -1.370637 -1.711706 -1.263817
vt 0.625000 1.000000
vt 0.625000 0.750000
vt 0.625000 0.750000
vt 0.625000 1.000000
vt 0.375000 0.750000
vt 0.375000 1.000000
vt 0.375000 0.000000
vt 0.625000 0.000000
vt 0.625000 0.250000
vt 0.375000 0.250000
vt 0.125000 0.500000
vt 0.375000 0.500000
vt 0.125000 0.750000
vt 0.625000 0.500000
vt 0.625000 0.500000
vt 0.875000 0.500000
vt 0.875000 0.750000
vt 0.625000 0.000000
vt 0.625000 0.250000
vn 0.0000 0.0000 1.0000
vn -1.0000 0.0000 0.0000
vn 0.0000 -1.0000 0.0000
vn 1.0000 0.0000 0.0000
vn 0.0000 0.0000 -1.0000
vn 0.0000 1.0000 0.0000
usemtl Material
s off
f 55/77/25 51/78/25 57/79/25 58/80/25
f 52/81/25 51/78/25 55/77/25 56/82/25
f 56/83/26 55/84/26 53/85/26 54/86/26
f 54/87/27 50/88/27 52/81/27 56/89/27
f 50/88/28 49/90/28 51/78/28 52/81/28
f 54/86/29 53/85/29 49/90/29 50/88/29
f 59/91/30 60/92/30 58/93/30 57/79/30
f 53/85/25 55/84/25 58/94/25 60/95/25
f 51/78/25 49/90/25 59/91/25 57/79/25
f 49/90/25 53/85/25 60/95/25 59/91/25
o Cube.006_Cube.009
v 1.582708 1.076108 1.521683
v 1.582708 -1.723262 1.521683
v 1.582708 1.076108 4.321053
v 1.582708 -1.723262 4.321053
v -1.216662 1.076108 1.521683
v -1.216662 -1.723262 1.521683
v -1.216662 1.076108 4.321053
v -1.216662 -1.723262 4.321053
v 1.582708 1.076108 4.321053
v -1.216662 1.076108 4.321053
v 1.582708 1.076108 1.521683
v -1.216662 1.076108 1.521683
vt 0.625000 1.000000
vt 0.625000 0.750000
vt 0.625000 0.750000
vt 0.625000 1.000000
vt 0.375000 0.750000
vt 0.375000 1.000000
vt 0.375000 0.000000
vt 0.625000 0.000000
vt 0.625000 0.250000
vt 0.375000 0.250000
vt 0.125000 0.500000
vt 0.375000 0.500000
vt 0.125000 0.750000
vt 0.625000 0.500000
vt 0.625000 0.500000
vt 0.875000 0.500000
vt 0.875000 0.750000
vt 0.625000 0.000000
vt 0.625000 0.250000
vn 0.0000 0.0000 1.0000
vn -1.0000 0.0000 0.0000
vn 0.0000 -1.0000 0.0000
vn 1.0000 0.0000 0.0000
vn 0.0000 0.0000 -1.0000
vn 0.0000 1.0000 0.0000
usemtl Material
s off
f 67/96/31 63/97/31 69/98/31 70/99/31
f 64/100/31 63/97/31 67/96/31 68/101/31
f 68/102/32 67/103/32 65/104/32 66/105/32
f 66/106/33 62/107/33 64/100/33 68/108/33
f 62/107/34 61/109/34 63/97/34 64/100/34
f 66/105/35 65/104/35 61/109/35 62/107/35
f 71/110/36 72/111/36 70/112/36 69/98/36
f 65/104/31 67/103/31 70/113/31 72/114/31
f 63/97/31 61/109/31 71/110/31 69/98/31
f 61/109/31 65/104/31 72/114/31 71/110/31
o Cube.007_Cube.010
v 0.748040 0.482206 -2.958450
v 0.748040 -2.317164 -2.958450
v 0.748040 0.482206 -0.159080
v 0.748040 -2.317164 -0.159080
v -2.051330 0.482206 -2.958450
v -2.051330 -2.317164 -2.958450
v -2.051330 0.482206 -0.159080
v -2.051330 -2.317164 -0.159080
v 0.748040 0.482206 -0.159080
v -2.051330 0.482206 -0.159080
v 0.748040 0.482206 -2.958450
v -2.051330 0.482206 -2.958450
vt 0.625000 1.000000
vt 0.625000 0.750000
vt 0.625000 0.750000
vt 0.625000 1.000000
vt 0.375000 0.750000
vt 0.375000 1.000000
vt 0.375000 0.000000
vt 0.625000 0.000000
vt 0.625000 0.250000
vt 0.375000 0.250000
vt 0.125000 0.500000
vt 0.375000 0.500000
vt 0.125000 0.750000
vt 0.625000 0.500000
vt 0.625000 0.500000
vt 0.875000 0.500000
vt 0.875000 0.750000
vt 0.625000 0.000000
vt 0.625000 0.250000
vn 0.0000 0.0000 1.0000
vn -1.0000 0.0000 0.0000
vn 0.0000 -1.0000 0.0000
vn 1.0000 0.0000 0.0000
vn 0.0000 0.0000 -1.0000
vn 0.0000 1.0000 0.0000
usemtl Material
s off
f 79/115/37 75/116/37 81/117/37 82/118/37
f 76/119/37 75/116/37 79/115/37 80/120/37
f 80/121/38 79/122/38 77/123/38 78/124/38
f 78/125/39 74/126/39 76/119/39 80/127/39
f 74/126/40 73/128/40 75/116/40 76/119/40
f 78/124/41 77/123/41 73/128/41 74/126/41
f 83/129/42 84/130/42 82/131/42 81/117/42
f 77/123/37 79/122/37 82/132/37 84/133/37
f 75/116/37 73/128/37 83/129/37 81/117/37
f 73/128/37 77/123/37 84/133/37 83/129/37
o Cube.008_Cube.011
v 0.981531 -0.659192 -2.817760
v 0.981531 -3.458562 -2.817760
v 0.981531 -0.659192 -0.018390
v 0.981531 -3.458562 -0.018390
v -1.817839 -0.659192 -2.817760
v -1.817839 -3.458562 -2.817760
v -1.817839 -0.659192 -0.018390
v -1.817839 -3.458562 -0.018390
v 0.981531 -0.659192 -0.018390
v -1.817839 -0.659192 -0.018390
v 0.981531 -0.659192 -2.817760
v -1.817839 -0.659192 -2.817760
vt 0.625000 1.000000
vt 0.625000 0.750000
vt 0.625000 0.750000
vt 0.625000 1.000000
vt 0.375000 0.750000
vt 0.375000 1.000000
vt 0.375000 0.000000
vt 0.625000 0.000000
vt 0.625000 0.250000
vt 0.375000 0.250000
vt 0.125000 0.500000
vt 0.375000 0.500000
vt 0.125000 0.750000
vt 0.625000 0.500000
vt 0.625000 0.500000
vt 0.875000 0.500000
vt 0.875000 0.750000
vt 0.625000 0.000000
vt 0.625000 0.250000
vn 0.0000 0.0000 1.0000
vn -1.0000 0.0000 0.0000
vn 0.0000 -1.0000 0.0000
vn 1.0000 0.0000 0.0000
vn 0.0000 0.0000 -1.0000
vn 0.0000 1.0000 0.0000
usemtl Material
s off
f 91/134/43 87/135/43 93/136/43 94/137/43
f 88/138/43 87/135/43 91/134/43 92/139/43
f 92/140/44 91/141/44 89/142/44 90/143/44
f 90/144/45 86/145/45 88/138/45 92/146/45
f 86/145/46 85/147/46 87/135/46 88/138/46
f 90/143/47 89/142/47 85/147/47 86/145/47
f 95/148/48 96/149/48 94/150/48 93/136/48
f 89/142/43 91/141/43 94/151/43 96/152/43
f 87/135/43 85/147/43 95/148/43 93/136/43
f 85/147/43 89/142/43 96/152/43 95/148/43
o Cube.009_Cube.012
v -2.911407 -4.191682 -1.193462
v -0.750993 -2.411489 -1.193462
v -2.911407 -4.191682 1.605908
v -0.750993 -2.411489 1.605908
v -1.131214 -6.352095 -1.193462
v 1.029199 -4.571902 -1.193462
v -1.131214 -6.352095 1.605908
v 1.029199 -4.571902 1.605908
v -2.911407 -4.191682 1.605908
v -1.131214 -6.352095 1.605908
v -2.911407 -4.191682 -1.193462
v -1.131214 -6.352095 -1.193462
vt 0.625000 1.000000
vt 0.625000 0.750000
vt 0.625000 0.750000
vt 0.625000 1.000000
vt 0.375000 0.750000
vt 0.375000 1.000000
vt 0.375000 0.000000
vt 0.625000 0.000000
vt 0.625000 0.250000
vt 0.375000 0.250000
vt 0.125000 0.500000
vt 0.375000 0.500000
vt 0.125000 0.750000
vt 0.625000 0.500000
vt 0.625000 0.500000
vt 0.875000 0.500000
vt 0.875000 0.750000
vt 0.625000 0.000000
vt 0.625000 0.250000
vn 0.0000 0.0000 1.0000
vn 0.6359 -0.7717 0.0000
vn 0.7717 0.6359 0.0000
vn -0.6359 0.7717 0.0000
vn 0.0000 0.0000 -1.0000
vn -0.7717 -0.6359 0.0000
usemtl Material
s off
f 103/153/49 99/154/49 105/155/49 106/156/49
f 100/157/49 99/154/49 103/153/49 104/158/49
f 104/159/50 103/160/50 101/161/50 102/162/50
f 102/163/51 98/164/51 100/157/51 104/165/51
f 98/164/52 97/166/52 99/154/52 100/157/52
f 102/162/53 101/161/53 97/166/53 98/164/53
f 107/167/54 108/168/54 106/169/54 105/155/54
f 101/161/49 103/160/49 106/170/49 108/171/49
f 99/154/49 97/166/49 107/167/49 105/155/49
f 97/166/49 101/161/49 108/171/49 107/167/49
o Cube.010_Cube.013
v -3.835561 -6.280539 -3.268751
v -1.675147 -4.500346 -3.268751
v -3.835561 -6.280539 -0.469381
v -1.675147 -4.500346 -0.469381
v -2.055368 -8.440952 -3.268751
v 0.105046 -6.660759 -3.268751
v -2.055368 -8.440952 -0.469381
v 0.105046 -6.660759 -0.469381
v -3.835561 -6.280539 -0.469381
v -2.055368 -8.440952 -0.469381
v -3.835561 -6.280539 -3.268751
v -2.055368 -8.440952 -3.268751
vt 0.625000 1.000000
vt 0.625000 0.750000
vt 0.625000 0.750000
vt 0.625000 1.000000
vt 0.375000 0.750000
vt 0.375000 1.000000
vt 0.375000 0.000000
vt 0.625000 0.000000
vt 0.625000 0.250000
vt 0.375000 0.250000
vt 0.125000 0.500000
vt 0.375000 0.500000
vt 0.125000 0.750000
vt 0.625000 0.500000
vt 0.625000 0.500000
vt 0.875000 0.500000
vt 0.875000 0.750000
vt 0.625000 0.000000
vt 0.625000 0.250000
vn 0.0000 0.0000 1.0000
vn 0.6359 -0.7717 0.0000
vn 0.7717 0.6359 0.0000
vn -0.6359 0.7717 0.0000
vn 0.0000 0.0000 -1.0000
vn -0.7717 -0.6359 0.0000
usemtl Material
s off
f 115/172/55 111/173/55 117/174/55 118/175/55
f 112/176/55 111/173/55 115/172/55 116/177/55
f 116/178/56 115/179/56 113/180/56 114/181/56
f 114/182/57 110/183/57 112/176/57 116/184/57
f 110/183/58 109/185/58 111/173/58 112/176/58
f 114/181/59 113/180/59 109/185/59 110/183/59
f 119/186/60 120/187/60 118/188/60 117/174/60
f 113/180/55 115/179/55 118/189/55 120/190/55
f 111/173/55 109/185/55 119/186/55 117/174/55
f 109/185/55 113/180/55 120/190/55 119/186/55
o Cube.011_Cube.014
v -2.305624 -2.533641 0.940330
v -0.145210 -0.753448 0.940330
v -2.305624 -2.533641 3.739700
v -0.145210 -0.753448 3.739700
v -0.525431 -4.694055 0.940330
v 1.634983 -2.913862 0.940330
v -0.525431 -4.694055 3.739700
v 1.634983 -2.913862 3.739700
v -2.305624 -2.533641 3.739700
v -0.525431 -4.694055 3.739700
v -2.305624 -2.533641 0.940330
v -0.525431 -4.694055 0.940330
vt 0.625000 1.000000
vt 0.625000 0.750000
vt 0.625000 0.750000
vt 0.625000 1.000000
vt 0.375000 0.750000
vt 0.375000 1.000000
vt 0.375000 0.000000
vt 0.625000 0.000000
vt 0.625000 0.250000
vt 0.375000 0.250000
vt 0.125000 0.500000
vt 0.375000 0.500000
vt 0.125000 0.750000
vt 0.625000 0.500000
vt 0.625000 0.500000
vt 0.875000 0.500000
vt 0.875000 0.750000
vt 0.625000 0.000000
vt 0.625000 0.250000
vn 0.0000 0.0000 1.0000
vn 0.6359 -0.7717 0.0000
vn 0.7717 0.6359 0.0000
vn -0.6359 0.7717 0.0000
vn 0.0000 0.0000 -1.0000
vn -0.7717 -0.6359 0.0000
usemtl Material
s off
f 127/191/61 123/192/61 129/193/61 130/194/61
f 124/195/61 123/192/61 127/191/61 128/196/61
f 128/197/62 127/198/62 125/199/62 126/200/62
f 126/201/63 122/202/63 124/195/63 128/203/63
f 122/202/64 121/204/64 123/192/64 124/195/64
f 126/200/65 125/199/65 121/204/65 122/202/65
f 131/205/66 132/206/66 130/207/66 129/193/66
f 125/199/61 127/198/61 130/208/61 132/209/61
f 123/192/61 121/204/61 131/205/61 129/193/61
f 121/204/61 125/199/61 132/209/61 131/205/61
o Cube.012_Cube.015
v -1.873346 -1.519956 -2.020791
v 1.212138 1.022499 -2.020791
v -1.873346 -1.519956 1.977245
v 1.212138 1.022499 1.977245
v 0.669110 -4.605440 -2.020791
v 3.754593 -2.062985 -2.020791
v 0.669110 -4.605440 1.977245
v 3.754593 -2.062985 1.977245
v -1.873346 -1.519956 1.977245
v 0.669110 -4.605440 1.977245
v -1.873346 -1.519956 -2.020791
v 0.669110 -4.605440 -2.020791
vt 0.625000 1.000000
vt 0.625000 0.750000
vt 0.625000 0.750000
vt 0.625000 1.000000
vt 0.375000 0.750000
vt 0.375000 1.000000
vt 0.375000 0.000000
vt 0.625000 0.000000
vt 0.625000 0.250000
vt 0.375000 0.250000
vt 0.125000 0.500000
vt 0.375000 0.500000
vt 0.125000 0.750000
vt 0.625000 0.500000
vt 0.625000 0.500000
vt 0.875000 0.500000
vt 0.875000 0.750000
vt 0.625000 0.000000
vt 0.625000 0.250000
vn 0.0000 0.0000 1.0000
vn 0.6359 -0.7717 0.0000
vn 0.7717 0.6359 0.0000
vn -0.6359 0.7717 0.0000
vn 0.0000 0.0000 -1.0000
vn -0.7717 -0.6359 0.0000
usemtl Material
s off
f 139/210/67 135/211/67 141/212/67 142/213/67
f 136/214/67 135/211/67 139/210/67 140/215/67
f 140/216/68 139/217/68 137/218/68 138/219/68
f 138/220/69 134/221/69 136/214/69 140/222/69
f 134/221/70 133/223/70 135/211/70 136/214/70
f 138/219/71 137/218/71 133/223/71 134/221/71
f 143/224/72 144/225/72 142/226/72 141/212/72
f 137/218/67 139/217/67 142/227/67 144/228/67
f 135/211/67 133/223/67 143/224/67 141/212/67
f 133/223/67 137/218/67 144/228/67 143/224/67
o Cube.013_Cube.016
v -3.360495 -4.099039 0.764709
v -1.200082 -2.318847 0.764709
v -3.360495 -4.099039 3.564079
v -1.200082 -2.318847 3.564079
v -1.580302 -6.259453 0.764709
v 0.580111 -4.479260 0.764709
v -1.580302 -6.259453 3.564079
v 0.580111 -4.479260 3.564079
v -3.360495 -4.099039 3.564079
v -1.580302 -6.259453 3.564079
v -3.360495 -4.099039 0.764709
v -1.580302 -6.259453 0.764709
vt 0.625000 1.000000
vt 0.625000 0.750000
vt 0.625000 0.750000
vt 0.625000 1.000000
vt 0.375000 0.750000
vt 0.375000 1.000000
vt 0.375000 0.000000
vt 0.625000 0.000000
vt 0.625000 0.250000
vt 0.375000 0.250000
vt 0.125000 0.500000
vt 0.375000 0.500000
vt 0.125000 0.750000
vt 0.625000 0.500000
vt 0.625000 0.500000
vt 0.875000 0.500000
vt 0.875000 0.750000
vt 0.625000 0.000000
vt 0.625000 0.250000
vn 0.0000 0.0000 1.0000
vn 0.6359 -0.7717 0.0000
vn 0.7717 0.6359 0.0000
vn -0.6359 0.7717 0.0000
vn 0.0000 0.0000 -1.0000
vn -0.7717 -0.6359 0.0000
usemtl Material
s off
f 151/229/73 147/230/73 153/231/73 154/232/73
f 148/233/73 147/230/73 151/229/73 152/234/73
f 152/235/74 151/236/74 149/237/74 150/238/74
f 150/239/75 146/240/75 148/233/75 152/241/75
f 146/240/76 145/242/76 147/230/76 148/233/76
f 150/238/77 149/237/77 145/242/77 146/240/77
f 155/243/78 156/244/78 154/245/78 153/231/78
f 149/237/73 151/236/73 154/246/73 156/247/73
f 147/230/73 145/242/73 155/243/73 153/231/73
f 145/242/73 149/237/73 156/247/73 155/243/73
o Cube.014_Cube.017
v -2.371364 -4.365518 -3.715424
v -0.210951 -2.585325 -3.715424
v -2.371364 -4.365518 -0.916054
v -0.210951 -2.585325 -0.916054
v -0.591172 -6.525931 -3.715424
v 1.569242 -4.745738 -3.715424
v -0.591172 -6.525931 -0.916054
v 1.569242 -4.745738 -0.916054
v -2.371364 -4.365518 -0.916054
v -0.591172 -6.525931 -0.916054
v -2.371364 -4.365518 -3.715424
v -0.591172 -6.525931 -3.715424
vt 0.625000 1.000000
vt 0.625000 0.750000
vt 0.625000 0.750000
vt 0.625000 1.000000
vt 0.375000 0.750000
vt 0.375000 1.000000
vt 0.375000 0.000000
vt 0.625000 0.000000
vt 0.625000 0.250000
vt 0.375000 0.250000
vt 0.125000 0.500000
vt 0.375000 0.500000
vt 0.125000 0.750000
vt 0.625000 0.500000
vt 0.625000 0.500000
vt 0.875000 0.500000
vt 0.875000 0.750000
vt 0.625000 0.000000
vt 0.625000 0.250000
vn 0.0000 0.0000 1.0000
vn 0.6359 -0.7717 0.0000
vn 0.7717 0.6359 0.0000
vn -0.6359 0.7717 0.0000
vn -0.0000 0.0000 -1.0000
vn -0.7717 -0.6359 0.0000
usemtl Material
s off
f 163/248/79 159/249/79 165/250/79 166/251/79
f 160/252/79 159/249/79 163/248/79 164/253/79
f 164/254/80 163/255/80 161/256/80 162/257/80
f 162/258/81 158/259/81 160/252/81 164/260/81
f 158/259/82 157/261/82 159/249/82 160/252/82
f 162/257/83 161/256/83 157/261/83 158/259/83
f 167/262/84 168/263/84 166/264/84 165/250/84
f 161/256/79 163/255/79 166/265/79 168/266/79
f 159/249/79 157/261/79 167/262/79 165/250/79
f 157/261/79 161/256/79 168/266/79 167/262/79
o Cube.015_Cube.018
v -1.638973 -3.459476 -3.574734
v 0.521440 -1.679283 -3.574734
v -1.638973 -3.459476 -0.775364
v 0.521440 -1.679283 -0.775364
v 0.141219 -5.619889 -3.574734
v 2.301633 -3.839697 -3.574734
v 0.141219 -5.619889 -0.775364
v 2.301633 -3.839697 -0.775364
v -1.638973 -3.459476 -0.775364
v 0.141219 -5.619889 -0.775364
v -1.638973 -3.459476 -3.574734
v 0.141219 -5.619889 -3.574734
vt 0.625000 1.000000
vt 0.625000 0.750000
vt 0.625000 0.750000
vt 0.625000 1.000000
vt 0.375000 0.750000
vt 0.375000 1.000000
vt 0.375000 0.000000
vt 0.625000 0.000000
vt 0.625000 0.250000
vt 0.375000 0.250000
vt 0.125000 0.500000
vt 0.375000 0.500000
vt 0.125000 0.750000
vt 0.625000 0.500000
vt 0.625000 0.500000
vt 0.875000 0.500000
vt 0.875000 0.750000
vt 0.625000 0.000000
vt 0.625000 0.250000
vn 0.0000 0.0000 1.0000
vn 0.6359 -0.7717 0.0000
vn 0.7717 0.6359 0.0000
vn -0.6359 0.7717 0.0000
vn -0.0000 0.0000 -1.0000
vn -0.7717 -0.6359 0.0000
usemtl Material
s off
f 175/267/85 171/268/85 177/269/85 178/270/85
f 172/271/85 171/268/85 175/267/85 176/272/85
f 176/273/86 175/274/86 173/275/86 174/276/86
f 174/277/87 170/278/87 172/271/87 176/279/87
f 170/278/88 169/280/88 171/268/88 172/271/88
f 174/276/89 173/275/89 169/280/89 170/278/89
f 179/281/90 180/282/90 178/283/90 177/269/90
f 173/275/85 175/274/85 178/284/85 180/285/85
f 171/268/85 169/280/85 179/281/85 177/269/85
f 169/280/85 173/275/85 180/285/85 179/281/85
o Cube.016_Cube.019
v -0.837252 1.381194 0.509502
v 1.625949 2.711273 0.509502
v -0.837252 1.381194 3.308872
v 1.625949 2.711273 3.308872
v 0.492827 -1.082007 0.509502
v 2.956028 0.248071 0.509502
v 0.492827 -1.082007 3.308872
v 2.956028 0.248071 3.308872
v -0.837252 1.381194 3.308872
v 0.492827 -1.082007 3.308872
v -0.837252 1.381194 0.509502
v 0.492827 -1.082007 0.509502
vt 0.625000 1.000000
vt 0.625000 0.750000
vt 0.625000 0.750000
vt 0.625000 1.000000
vt 0.375000 0.750000
vt 0.375000 1.000000
vt 0.375000 0.000000
vt 0.625000 0.000000
vt 0.625000 0.250000
vt 0.375000 0.250000
vt 0.125000 0.500000
vt 0.375000 0.500000
vt 0.125000 0.750000
vt 0.625000 0.500000
vt 0.625000 0.500000
vt 0.875000 0.500000
vt 0.875000 0.750000
vt 0.625000 0.000000
vt 0.625000 0.250000
vn 0.0000 0.0000 1.0000
vn 0.4751 -0.8799 0.0000
vn 0.8799 0.4751 0.0000
vn -0.4751 0.8799 0.0000
vn -0.0000 0.0000 -1.0000
vn -0.8799 -0.4751 0.0000
usemtl Material
s off
f 187/286/91 183/287/91 189/288/91 190/289/91
f 184/290/91 183/287/91 187/286/91 188/291/91
f 188/292/92 187/293/92 185/294/92 186/295/92
f 186/296/93 182/297/93 184/290/93 188/298/93
f 182/297/94 181/299/94 183/287/94 184/290/94
f 186/295/95 185/294/95 181/299/95 182/297/95
f 191/300/96 192/301/96 190/302/96 189/288/96
f 185/294/91 187/293/91 190/303/91 192/304/91
f 183/287/91 181/299/91 191/300/91 189/288/91
f 181/299/91 185/294/91 192/304/91 191/300/91
o Cube.017_Cube.020
v -2.146940 -0.490197 -1.565787
v 0.316261 0.839882 -1.565787
v -2.146940 -0.490197 1.233583
v 0.316261 0.839882 1.233583
v -0.816862 -2.953399 -1.565787
v 1.646340 -1.623320 -1.565787
v -0.816862 -2.953399 1.233583
v 1.646340 -1.623320 1.233583
v -2.146940 -0.490197 1.233583
v -0.816862 -2.953399 1.233583
v -2.146940 -0.490197 -1.565787
v -0.816862 -2.953399 -1.565787
vt 0.625000 1.000000
vt 0.625000 0.750000
vt 0.625000 0.750000
vt 0.625000 1.000000
vt 0.375000 0.750000
vt 0.375000 1.000000
vt 0.375000 0.000000
vt 0.625000 0.000000
vt 0.625000 0.250000
vt 0.375000 0.250000
vt 0.125000 0.500000
vt 0.375000 0.500000
vt 0.125000 0.750000
vt 0.625000 0.500000
vt 0.625000 0.500000
vt 0.875000 0.500000
vt 0.875000 0.750000
vt 0.625000 0.000000
vt 0.625000 0.250000
vn 0.0000 0.0000 1.0000
vn 0.4751 -0.8799 0.0000
vn 0.8799 0.4751 0.0000
vn -0.4751 0.8799 0.0000
vn 0.0000 0.0000 -1.0000
vn -0.8799 -0.4751 0.0000
usemtl Material
s off
f 199/305/97 195/306/97 201/307/97 202/308/97
f 196/309/97 195/306/97 199/305/97 200/310/97
f 200/311/98 199/312/98 197/313/98 198/314/98
f 198/315/99 194/316/99 196/309/99 200/317/99
f 194/316/100 193/318/100 195/306/100 196/309/100
f 198/314/101 197/313/101 193/318/101 194/316/101
f 203/319/102 204/320/102 202/321/102 201/307/102
f 197/313/97 199/312/97 202/322/97 204/323/97
f 195/306/97 193/318/97 203/319/97 201/307/97
f 193/318/97 197/313/97 204/323/97 203/319/97
o Cube.018_Cube.021
v -2.146940 -0.490197 -1.565787
v 0.316261 0.839882 -1.565787
v -2.146940 -0.490197 1.233583
v 0.316261 0.839882 1.233583
v -0.816862 -2.953399 -1.565787
v 1.646340 -1.623320 -1.565787
v -0.816862 -2.953399 1.233583
v 1.646340 -1.623320 1.233583
v -2.146940 -0.490197 1.233583
v -0.816862 -2.953399 1.233583
v -2.146940 -0.490197 -1.565787
v -0.816862 -2.953399 -1.565787
vt 0.625000 1.000000
vt 0.625000 0.750000
vt 0.625000 0.750000
vt 0.625000 1.000000
vt 0.375000 0.750000
vt 0.375000 1.000000
vt 0.375000 0.000000
vt 0.625000 0.000000
vt 0.625000 0.250000
vt 0.375000 0.250000
vt 0.125000 0.500000
vt 0.375000 0.500000
vt 0.125000 0.750000
vt 0.625000 0.500000
vt 0.625000 0.500000
vt 0.875000 0.500000
vt 0.875000 0.750000
vt 0.625000 0.000000
vt 0.625000 0.250000
vn 0.0000 0.0000 1.0000
vn 0.4751 -0.8799 0.0000
vn 0.8799 0.4751 0.0000
vn -0.4751 0.8799 0.0000
vn 0.0000 0.0000 -1.0000
vn -0.8799 -0.4751 0.0000
usemtl Material
s off
f 211/324/103 207/325/103 213/326/103 214/327/103
f 208/328/103 207/325/103 211/324/103 212/329/103
f 212/330/104 211/331/104 209/332/104 210/333/104
f 210/334/105 206/335/105 208/328/105 212/336/105
f 206/335/106 205/337/106 207/325/106 208/328/106
f 210/333/107 209/332/107 205/337/107 206/335/107
f 215/338/108 216/339/108 214/340/108 213/326/108
f 209/332/103 211/331/103 214/341/103 216/342/103
f 207/325/103 205/337/103 215/338/103 213/326/103
f 205/337/103 209/332/103 216/342/103 215/338/103
o Cube.019_Cube.022
v 0.076949 2.891263 2.643294
v 2.540151 4.221342 2.643294
v 0.076949 2.891263 5.442664
v 2.540151 4.221342 5.442664
v 1.407028 0.428061 2.643294
v 3.870230 1.758140 2.643294
v 1.407028 0.428061 5.442664
v 3.870230 1.758140 5.442664
v 0.076949 2.891263 5.442664
v 1.407028 0.428061 5.442664
v 0.076949 2.891263 2.643294
v 1.407028 0.428061 2.643294
vt 0.625000 1.000000
vt 0.625000 0.750000
vt 0.625000 0.750000
vt 0.625000 1.000000
vt 0.375000 0.750000
vt 0.375000 1.000000
vt 0.375000 0.000000
vt 0.625000 0.000000
vt 0.625000 0.250000
vt 0.375000 0.250000
vt 0.125000 0.500000
vt 0.375000 0.500000
vt 0.125000 0.750000
vt 0.625000 0.500000
vt 0.625000 0.500000
vt 0.875000 0.500000
vt 0.875000 0.750000
vt 0.625000 0.000000
vt 0.625000 0.250000
vn 0.0000 0.0000 1.0000
vn 0.4751 -0.8799 0.0000
vn 0.8799 0.4751 0.0000
vn -0.4751 0.8799 0.0000
vn -0.0000 0.0000 -1.0000
vn -0.8799 -0.4751 0.0000
usemtl Material
s off
f 223/343/109 219/344/109 225/345/109 226/346/109
f 220/347/109 219/344/109 223/343/109 224/348/109
f 224/349/110 223/350/110 221/351/110 222/352/110
f 222/353/111 218/354/111 220/347/111 224/355/111
f 218/354/112 217/356/112 219/344/112 220/347/112
f 222/352/113 221/351/113 217/356/113 218/354/113
f 227/357/114 228/358/114 226/359/114 225/345/114
f 221/351/109 223/350/109 226/360/109 228/361/109
f 219/344/109 217/356/109 227/357/109 225/345/109
f 217/356/109 221/351/109 228/361/109 227/357/109
o Cube.021_Cube.024
v -1.260040 1.558714 2.467673
v 1.203161 2.888793 2.467673
v -1.260040 1.558714 5.267043
v 1.203161 2.888793 5.267043
v 0.070039 -0.904487 2.467673
v 2.533240 0.425591 2.467673
v 0.070039 -0.904487 5.267043
v 2.533240 0.425591 5.267043
v -1.260040 1.558714 5.267043
v 0.070039 -0.904487 5.267043
v -1.260040 1.558714 2.467673
v 0.070039 -0.904487 2.467673
vt 0.625000 1.000000
vt 0.625000 0.750000
vt 0.625000 0.750000
vt 0.625000 1.000000
vt 0.375000 0.750000
vt 0.375000 1.000000
vt 0.375000 0.000000
vt 0.625000 0.000000
vt 0.625000 0.250000
vt 0.375000 0.250000
vt 0.125000 0.500000
vt 0.375000 0.500000
vt 0.125000 0.750000
vt 0.625000 0.500000
vt 0.625000 0.500000
vt 0.875000 0.500000
vt 0.875000 0.750000
vt 0.625000 0.000000
vt 0.625000 0.250000
vn 0.0000 0.0000 1.0000
vn 0.4751 -0.8799 0.0000
vn 0.8799 0.4751 0.0000
vn -0.4751 0.8799 0.0000
vn 0.0000 0.0000 -1.0000
vn -0.8799 -0.4751 0.0000
usemtl Material
s off
f 235/362/115 231/363/115 237/364/115 238/365/115
f 232/366/115 231/363/115 235/362/115 236/367/115
f 236/368/116 235/369/116 233/370/116 234/371/116
f 234/372/117 230/373/117 232/366/117 236/374/117
f 230/373/118 229/375/118 231/363/118 232/366/118
f 234/371/119 233/370/119 229/375/119 230/373/119
f 239/376/120 240/377/120 238/378/120 237/364/120
f 233/370/115 235/369/115 238/379/115 240/380/115
f 231/363/115 229/375/115 239/376/115 237/364/115
f 229/375/115 233/370/115 240/380/115 239/376/115
o Cube.022_Cube.025
v -0.340878 1.106462 -2.012460
v 2.122324 2.436541 -2.012460
v -0.340878 1.106462 0.786910
v 2.122324 2.436541 0.786910
v 0.989201 -1.356739 -2.012460
v 3.452402 -0.026661 -2.012460
v 0.989201 -1.356739 0.786910
v 3.452402 -0.026661 0.786910
v -0.340878 1.106462 0.786910
v 0.989201 -1.356739 0.786910
v -0.340878 1.106462 -2.012460
v 0.989201 -1.356739 -2.012460
vt 0.625000 1.000000
vt 0.625000 0.750000
vt 0.625000 0.750000
vt 0.625000 1.000000
vt 0.375000 0.750000
vt 0.375000 1.000000
vt 0.375000 0.000000
vt 0.625000 0.000000
vt 0.625000 0.250000
vt 0.375000 0.250000
vt 0.125000 0.500000
vt 0.375000 0.500000
vt 0.125000 0.750000
vt 0.625000 0.500000
vt 0.625000 0.500000
vt 0.875000 0.500000
vt 0.875000 0.750000
vt 0.625000 0.000000
vt 0.625000 0.250000
vn 0.0000 0.0000 1.0000
vn 0.4751 -0.8799 0.0000
vn 0.8799 0.4751 0.0000
vn -0.4751 0.8799 0.0000
vn 0.0000 0.0000 -1.0000
vn -0.8799 -0.4751 0.0000
usemtl Material
s off
f 247/381/121 243/382/121 249/383/121 250/384/121
f 244/385/121 243/382/121 247/381/121 248/386/121
f 248/387/122 247/388/122 245/389/122 246/390/122
f 246/391/123 242/392/123 244/385/123 248/393/123
f 242/392/124 241/394/124 243/382/124 244/385/124
f 246/390/125 245/389/125 241/394/125 242/392/125
f 251/395/126 252/396/126 250/397/126 249/383/126
f 245/389/121 247/388/121 250/398/121 252/399/121
f 243/382/121 241/394/121 251/395/121 249/383/121
f 241/394/121 245/389/121 252/399/121 251/395/121
o Cube.023_Cube.026
v 0.552513 1.854232 -1.871770
v 3.015714 3.184311 -1.871770
v 0.552513 1.854232 0.927600
v 3.015714 3.184311 0.927600
v 1.882591 -0.608970 -1.871770
v 4.345793 0.721109 -1.871770
v 1.882591 -0.608970 0.927600
v 4.345793 0.721109 0.927600
v 0.552513 1.854232 0.927600
v 1.882591 -0.608970 0.927600
v 0.552513 1.854232 -1.871770
v 1.882591 -0.608970 -1.871770
vt 0.625000 1.000000
vt 0.625000 0.750000
vt 0.625000 0.750000
vt 0.625000 1.000000
vt 0.375000 0.750000
vt 0.375000 1.000000
vt 0.375000 0.000000
vt 0.625000 0.000000
vt 0.625000 0.250000
vt 0.375000 0.250000
vt 0.125000 0.500000
vt 0.375000 0.500000
vt 0.125000 0.750000
vt 0.625000 0.500000
vt 0.625000 0.500000
vt 0.875000 0.500000
vt 0.875000 0.750000
vt 0.625000 0.000000
vt 0.625000 0.250000
vn 0.0000 0.0000 1.0000
vn 0.4751 -0.8799 0.0000
vn 0.8799 0.4751 0.0000
vn -0.4751 0.8799 0.0000
vn 0.0000 0.0000 -1.0000
vn -0.8799 -0.4751 0.0000
usemtl Material
s off
f 259/400/127 255/401/127 261/402/127 262/403/127
f 256/404/127 255/401/127 259/400/127 260/405/127
f 260/406/128 259/407/128 257/408/128 258/409/128
f 258/410/129 254/411/129 256/404/129 260/412/129
f 254/411/130 253/413/130 255/401/130 256/404/130
f 258/409/131 257/408/131 253/413/131 254/411/131
f 263/414/132 264/415/132 262/416/132 261/402/132
f 257/408/127 259/407/127 262/417/127 264/418/127
f 255/401/127 253/413/127 263/414/127 261/402/127
f 253/413/127 257/408/127 264/418/127 263/414/127
o Cube.029_Cube.032
v 5.406834 0.664982 -2.769433
v 2.813931 1.720126 -2.769433
v 5.406834 0.664982 0.029937
v 2.813931 1.720126 0.029937
v 6.461978 3.257885 -2.769433
v 3.869075 4.313028 -2.769433
v 6.461978 3.257885 0.029937
v 3.869075 4.313028 0.029937
v 5.406834 0.664982 0.029937
v 6.461978 3.257885 0.029937
v 5.406834 0.664982 -2.769433
v 6.461978 3.257885 -2.769433
vt 0.625000 1.000000
vt 0.625000 0.750000
vt 0.625000 0.750000
vt 0.625000 1.000000
vt 0.375000 0.750000
vt 0.375000 1.000000
vt 0.375000 0.000000
vt 0.625000 0.000000
vt 0.625000 0.250000
vt 0.375000 0.250000
vt 0.125000 0.500000
vt 0.375000 0.500000
vt 0.125000 0.750000
vt 0.625000 0.500000
vt 0.625000 0.500000
vt 0.875000 0.500000
vt 0.875000 0.750000
vt 0.625000 0.000000
vt 0.625000 0.250000
vn 0.0000 0.0000 1.0000
vn 0.3769 0.9262 0.0000
vn -0.9262 0.3769 0.0000
vn -0.3769 -0.9262 0.0000
vn 0.0000 0.0000 -1.0000
vn 0.9262 -0.3769 0.0000
usemtl Material
s off
f 271/419/133 267/420/133 273/421/133 274/422/133
f 268/423/133 267/420/133 271/419/133 272/424/133
f 272/425/134 271/426/134 269/427/134 270/428/134
f 270/429/135 266/430/135 268/423/135 272/431/135
f 266/430/136 265/432/136 267/420/136 268/423/136
f 270/428/137 269/427/137 265/432/137 266/430/137
f 275/433/138 276/434/138 274/435/138 273/421/138
f 269/427/133 271/426/133 274/436/133 276/437/133
f 267/420/133 265/432/133 275/433/133 273/421/133
f 265/432/133 269/427/133 276/437/133 275/433/133
o Cube.030_Cube.033
v 4.261612 0.878930 -2.628744
v 1.668709 1.934073 -2.628744
v 4.261612 0.878930 0.170626
v 1.668709 1.934073 0.170626
v 5.316755 3.471832 -2.628744
v 2.723853 4.526976 -2.628744
v 5.316755 3.471832 0.170626
v 2.723853 4.526976 0.170626
v 4.261612 0.878930 0.170626
v 5.316755 3.471832 0.170626
v 4.261612 0.878930 -2.628744
v 5.316755 3.471832 -2.628744
vt 0.625000 1.000000
vt 0.625000 0.750000
vt 0.625000 0.750000
vt 0.625000 1.000000
vt 0.375000 0.750000
vt 0.375000 1.000000
vt 0.375000 0.000000
vt 0.625000 0.000000
vt 0.625000 0.250000
vt 0.375000 0.250000
vt 0.125000 0.500000
vt 0.375000 0.500000
vt 0.125000 0.750000
vt 0.625000 0.500000
vt 0.625000 0.500000
vt 0.875000 0.500000
vt 0.875000 0.750000
vt 0.625000 0.000000
vt 0.625000 0.250000
vn 0.0000 0.0000 1.0000
vn 0.3769 0.9262 0.0000
vn -0.9262 0.3769 0.0000
vn -0.3769 -0.9262 0.0000
vn 0.0000 0.0000 -1.0000
vn 0.9262 -0.3769 0.0000
usemtl Material
s off
f 283/438/139 279/439/139 285/440/139 286/441/139
f 280/442/139 279/439/139 283/438/139 284/443/139
f 284/444/140 283/445/140 281/446/140 282/447/140
f 282/448/141 278/449/141 280/442/141 284/450/141
f 278/449/142 277/451/142 279/439/142 280/442/142
f 282/447/143 281/446/143 277/451/143 278/449/143
f 287/452/144 288/453/144 286/454/144 285/440/144
f 281/446/139 283/445/139 286/455/139 288/456/139
f 279/439/139 277/451/139 287/452/139 285/440/139
f 277/451/139 281/446/139 288/456/139 287/452/139
o Cube.031_Cube.034
v -1.873428 5.835174 0.263958
v 0.589773 5.891842 1.592829
v -1.873428 3.038346 0.383225
v 0.589773 3.095014 1.712096
v -0.543350 5.730229 -2.197008
v 1.919852 5.786897 -0.868136
v -0.543350 2.933401 -2.077741
v 1.919852 2.990069 -0.748869
v -1.873428 3.038346 0.383225
v -0.543350 2.933401 -2.077741
v -1.873428 5.835174 0.263958
v -0.543350 5.730229 -2.197008
vt 0.625000 1.000000
vt 0.625000 0.750000
vt 0.625000 0.750000
vt 0.625000 1.000000
vt 0.375000 0.750000
vt 0.375000 1.000000
vt 0.375000 0.000000
vt 0.625000 0.000000
vt 0.625000 0.250000
vt 0.375000 0.250000
vt 0.125000 0.500000
vt 0.375000 0.500000
vt 0.125000 0.750000
vt 0.625000 0.500000
vt 0.625000 0.500000
vt 0.875000 0.500000
vt 0.875000 0.750000
vt 0.625000 0.000000
vt 0.625000 0.250000
vn 0.0000 0.0000 1.0000
vn -0.0000 -0.9991 0.0426
vn 0.4751 -0.0375 -0.8791
vn 0.8799 0.0202 0.4747
vn -0.4751 0.0375 0.8791
vn 0.0000 0.9991 -0.0426
vn -0.8799 -0.0202 -0.4747
usemtl Material
s off
f 295/457/145 291/458/145 297/459/145 298/460/145
f 292/461/146 291/458/146 295/457/146 296/462/146
f 296/463/147 295/464/147 293/465/147 294/466/147
f 294/467/148 290/468/148 292/461/148 296/469/148
f 290/468/149 289/470/149 291/458/149 292/461/149
f 294/466/150 293/465/150 289/470/150 290/468/150
f 299/471/151 300/472/151 298/473/151 297/459/151
f 293/465/145 295/464/145 298/474/145 300/475/145
f 291/458/145 289/470/145 299/471/145 297/459/145
f 289/470/145 293/465/145 300/475/145 299/471/145
o Cube.032_Cube.035
v -3.183116 7.828848 -1.694152
v -0.719915 7.885516 -0.365281
v -3.183116 5.032020 -1.574885
v -0.719915 5.088688 -0.246014
v -1.853038 7.723904 -4.155117
v 0.610164 7.780571 -2.826246
v -1.853038 4.927075 -4.035850
v 0.610164 4.983743 -2.706979
v -3.183116 5.032020 -1.574885
v -1.853038 4.927075 -4.035850
v -3.183116 7.828848 -1.694152
v -1.853038 7.723904 -4.155117
vt 0.625000 1.000000
vt 0.625000 0.750000
vt 0.625000 0.750000
vt 0.625000 1.000000
vt 0.375000 0.750000
vt 0.375000 1.000000
vt 0.375000 0.000000
vt 0.625000 0.000000
vt 0.625000 0.250000
vt 0.375000 0.250000
vt 0.125000 0.500000
vt 0.375000 0.500000
vt 0.125000 0.750000
vt 0.625000 0.500000
vt 0.625000 0.500000
vt 0.875000 0.500000
vt 0.875000 0.750000
vt 0.625000 0.000000
vt 0.625000 0.250000
vn 0.0000 0.0000 1.0000
vn -0.0000 -0.9991 0.0426
vn 0.4751 -0.0375 -0.8791
vn 0.8799 0.0202 0.4747
vn -0.4751 0.0375 0.8791
vn 0.0000 0.9991 -0.0426
vn -0.8799 -0.0202 -0.4747
usemtl Material
s off
f 307/476/152 303/477/152 309/478/152 310/479/152
f 304/480/153 303/477/153 307/476/153 308/481/153
f 308/482/154 307/483/154 305/484/154 306/485/154
f 306/486/155 302/487/155 304/480/155 308/488/155
f 302/487/156 301/489/156 303/477/156 304/480/156
f 306/485/157 305/484/157 301/489/157 302/487/157
f 311/490/158 312/491/158 310/492/158 309/478/158
f 305/484/152 307/483/152 310/493/152 312/494/152
f 303/477/152 301/489/152 311/490/152 309/478/152
f 301/489/152 305/484/152 312/494/152 311/490/152
o Cube.033_Cube.036
v -3.183116 7.828848 -1.694152
v -0.719915 7.885516 -0.365281
v -3.183116 5.032020 -1.574885
v -0.719915 5.088688 -0.246014
v -1.853038 7.723904 -4.155117
v 0.610164 7.780571 -2.826246
v -1.853038 4.927075 -4.035850
v 0.610164 4.983743 -2.706979
v -3.183116 5.032020 -1.574885
v -1.853038 4.927075 -4.035850
v -3.183116 7.828848 -1.694152
v -1.853038 7.723904 -4.155117
vt 0.625000 1.000000
vt 0.625000 0.750000
vt 0.625000 0.750000
vt 0.625000 1.000000
vt 0.375000 0.750000
vt 0.375000 1.000000
vt 0.375000 0.000000
vt 0.625000 0.000000
vt 0.625000 0.250000
vt 0.375000 0.250000
vt 0.125000 0.500000
vt 0.375000 0.500000
vt 0.125000 0.750000
vt 0.625000 0.500000
vt 0.625000 0.500000
vt 0.875000 0.500000
vt 0.875000 0.750000
vt 0.625000 0.000000
vt 0.625000 0.250000
vn 0.0000 0.0000 1.0000
vn -0.0000 -0.9991 0.0426
vn 0.4751 -0.0375 -0.8791
vn 0.8799 0.0202 0.4747
vn -0.4751 0.0375 0.8791
vn 0.0000 0.9991 -0.0426
vn -0.8799 -0.0202 -0.4747
usemtl Material
s off
f 319/495/159 315/496/159 321/497/159 322/498/159
f 316/499/160 315/496/160 319/495/160 320/500/160
f 320/501/161 319/502/161 317/503/161 318/504/161
f 318/505/162 314/506/162 316/499/162 320/507/162
f 314/506/163 313/508/163 315/496/163 316/499/163
f 318/504/164 317/503/164 313/508/164 314/506/164
f 323/509/165 324/510/165 322/511/165 321/497/165
f 317/503/159 319/502/159 322/512/159 324/513/159
f 315/496/159 313/508/159 323/509/159 321/497/159
f 313/508/159 317/503/159 324/513/159 323/509/159
o Cube.034_Cube.037
v -0.959227 3.767656 1.863565
v 1.503975 3.824324 3.192436
v -0.959227 0.970828 1.982832
v 1.503975 1.027496 3.311703
v 0.370852 3.662711 -0.597400
v 2.834054 3.719379 0.731471
v 0.370852 0.865883 -0.478133
v 2.834054 0.922551 0.850738
v -0.959227 0.970828 1.982832
v 0.370852 0.865883 -0.478133
v -0.959227 3.767656 1.863565
v 0.370852 3.662711 -0.597400
vt 0.625000 1.000000
vt 0.625000 0.750000
vt 0.625000 0.750000
vt 0.625000 1.000000
vt 0.375000 0.750000
vt 0.375000 1.000000
vt 0.375000 0.000000
vt 0.625000 0.000000
vt 0.625000 0.250000
vt 0.375000 0.250000
vt 0.125000 0.500000
vt 0.375000 0.500000
vt 0.125000 0.750000
vt 0.625000 0.500000
vt 0.625000 0.500000
vt 0.875000 0.500000
vt 0.875000 0.750000
vt 0.625000 0.000000
vt 0.625000 0.250000
vn 0.0000 0.0000 1.0000
vn 0.0000 -0.9991 0.0426
vn 0.4751 -0.0375 -0.8791
vn 0.8799 0.0202 0.4747
vn -0.4751 0.0375 0.8791
vn -0.0000 0.9991 -0.0426
vn -0.8799 -0.0202 -0.4747
usemtl Material
s off
f 331/514/166 327/515/166 333/516/166 334/517/166
f 328/518/167 327/515/167 331/514/167 332/519/167
f 332/520/168 331/521/168 329/522/168 330/523/168
f 330/524/169 326/525/169 328/518/169 332/526/169
f 326/525/170 325/527/170 327/515/170 328/518/170
f 330/523/171 329/522/171 325/527/171 326/525/171
f 335/528/172 336/529/172 334/530/172 333/516/172
f 329/522/166 331/521/166 334/531/166 336/532/166
f 327/515/166 325/527/166 335/528/166 333/516/166
f 325/527/166 329/522/166 336/532/166 335/528/166
o Cube.036_Cube.039
v -2.296216 3.886344 0.524744
v 0.166985 3.943013 1.853615
v -2.296216 1.089516 0.644011
v 0.166985 1.146184 1.972882
v -0.966137 3.781400 -1.936221
v 1.497064 3.838068 -0.607350
v -0.966137 0.984572 -1.816954
v 1.497064 1.041240 -0.488083
v -2.296216 1.089516 0.644011
v -0.966137 0.984572 -1.816954
v -2.296216 3.886344 0.524744
v -0.966137 3.781400 -1.936221
vt 0.625000 1.000000
